[gd_scene load_steps=5 format=2]

[ext_resource path="res://Assets/animated-characters-2/Model/characterMedium.fbx" type="PackedScene" id=1]
[ext_resource path="res://Assets/animated-characters-2/Skins/criminalMaleA.png" type="Texture" id=2]
[ext_resource path="res://addons/IKTarget/IKTarget.gd" type="Script" id=3]

[sub_resource type="SpatialMaterial" id=1]
albedo_texture = ExtResource( 2 )

[node name="characterMedium" instance=ExtResource( 1 )]

[node name="Root" parent="." index="0"]
transform = Transform( 100, 0, 0, 0, -4.37114e-06, 100, 0, -100, -4.37114e-06, 0, 0, 0 )

[node name="LeftFootIK_end" parent="Root" index="0"]
visible = false

[node name="RightKneeCtrl_end" parent="Root/LeftFootIK_end/LeftFootRollCtrl_end/LeftKneeCtrl_end/RightFootIK_end/RightFootRollCtrl_end" index="0"]
transform = Transform( 1, 0, 0, 0, 1, -2.84217e-14, 0, 2.84217e-14, 1, 0, 0.00336816, 1.11022e-16 )

[node name="characterMedium" parent="Root" index="1"]
material/0 = SubResource( 1 )

[node name="LeftHandIK" type="Position3D" parent="." index="1"]
transform = Transform( 0.327759, 0.868181, 0.372606, -0.550422, -0.145068, 0.822186, 0.76786, -0.47457, 0.43032, 1.84219, 2.5, 0 )
script = ExtResource( 3 )
skel_nodepath = NodePath("../Root")
ik_bone = "LeftHand"
ik_bone_length = 0.0
ik_limit = 3

[node name="Tree2" type="Tree" parent="LeftHandIK" index="0"]
hide_root = true

[node name="Position3D" type="Position3D" parent="LeftHandIK" index="1"]
transform = Transform( 1, -2.68221e-07, 8.04663e-07, -2.98023e-08, 1, 3.27826e-07, 0, -2.23517e-07, 1, 0, 0, 0 )

[node name="Position3D2" type="Position3D" parent="LeftHandIK" index="2"]
transform = Transform( 1, -2.68221e-07, 8.04663e-07, -2.98023e-08, 1, 3.27826e-07, 0, -2.23517e-07, 1, -0.222347, -0.325333, -0.257584 )

[node name="RightHandIK" type="Position3D" parent="." index="2"]
transform = Transform( 0.348826, -0.773647, 0.528952, -0.230741, -0.617925, -0.751617, 0.90834, 0.140133, -0.39406, -1.8, 2.5, 0 )
script = ExtResource( 3 )
skel_nodepath = NodePath("../Root")
ik_bone = "RightHand"
ik_limit = 3

[node name="Tree2" type="Tree" parent="RightHandIK" index="0"]
hide_root = true

[node name="Position3D" type="Position3D" parent="RightHandIK" index="1"]
transform = Transform( 1, 0, 0, 0, 1, -2.6077e-08, 0, 1.49012e-08, 1, 0, 0, 0 )

[node name="Position3D2" type="Position3D" parent="RightHandIK" index="2"]
transform = Transform( 1, 0, 0, 0, 1, -2.6077e-08, 0, 1.49012e-08, 1, 0.0541106, -0.340144, 0.320941 )

[node name="RightKnee" type="Position3D" parent="." index="3"]
transform = Transform( -0.0522474, 0.994198, 0.0940244, -0.324261, -0.105941, 0.940016, 0.944525, 0.0186251, 0.327914, -0.3049, 0.979917, 0 )
script = ExtResource( 3 )
skel_nodepath = NodePath("../Root")
ik_bone = "RightUpLeg"
ik_limit = 1

[node name="Tree3" type="Tree" parent="RightKnee" index="0"]
hide_root = true

[node name="RightFootIK" type="Position3D" parent="." index="4"]
transform = Transform( 0.0395361, 0.897347, -0.439551, -0.531217, 0.391456, 0.751379, 0.846312, 0.20379, 0.492162, -0.488062, 0.224538, 0 )
script = ExtResource( 3 )
skel_nodepath = NodePath("../Root")
ik_bone = "RightFoot"

[node name="Tree2" type="Tree" parent="RightFootIK" index="0"]
hide_root = true

[node name="Position3D" type="Position3D" parent="RightFootIK" index="1"]
transform = Transform( 1, 3.48687e-06, 1.07288e-06, 2.11596e-06, 1, 3.1665e-06, -3.75509e-06, -2.25008e-06, 1, 0, 0, 0 )

[node name="LeftKnee" type="Position3D" parent="." index="5"]
transform = Transform( -0.0522474, 0.994198, 0.0940244, -0.324261, -0.105941, 0.940016, 0.944525, 0.0186251, 0.327914, 0.286681, 0.979917, 0 )
script = ExtResource( 3 )
skel_nodepath = NodePath("../Root")
ik_bone = "LeftUpLeg"
ik_limit = 1

[node name="Tree2" type="Tree" parent="LeftKnee" index="0"]
hide_root = true

[node name="LeftFoot" type="Position3D" parent="." index="6"]
transform = Transform( 0.449865, 0.858034, -0.247787, -0.423271, 0.449145, 0.786835, 0.786424, -0.24909, 0.565235, 0.103519, 0.224538, 0 )
script = ExtResource( 3 )
skel_nodepath = NodePath("../Root")
ik_bone = "LeftFoot"

[node name="Tree3" type="Tree" parent="LeftFoot" index="0"]
hide_root = true
