[gd_scene load_steps=2 format=2]

[ext_resource path="res://Assets/piratekey/Models/FBX format/pirate_captain.fbx" type="PackedScene" id=1]

[node name="Spatial" type="Spatial"]

[node name="pirate_captain" parent="." instance=ExtResource( 1 )]

[node name="pirate_captain_8angles" parent="pirate_captain" index="0"]
transform = Transform( 1, 0, 0, 0, 1, 0, 0, 0, 1, 0, 0, 0 )

[node name="armLeft2" parent="pirate_captain/pirate_captain_8angles" index="1"]
transform = Transform( 0.999928, -0.0119902, 0, 0.0119902, 0.999928, 0, 0, 0, 1, -1.68, 7.0452, 0 )

[node name="Group 123" parent="pirate_captain/pirate_captain_8angles" index="2"]
transform = Transform( 0.979515, 0.00536752, -0.201301, -0.00518571, 0.999986, 0.00143052, 0.201306, -0.00035734, 0.979528, 0, 7.7952, 0 )

[node name="legLeft2" parent="pirate_captain/pirate_captain_8angles" index="3"]
transform = Transform( 1, 0, 0, 0, 0.999471, 0.0325097, 0, -0.0325097, 0.999471, -1.55232, 4.0656, 0 )

[node name="armRight2" parent="pirate_captain/pirate_captain_8angles" index="4"]
transform = Transform( 1, 0, 0, 0, 0.394006, 0.919108, 0, -0.919108, 0.394006, 1.68, 7.0452, 0 )

[node name="Position3D" type="Position3D" parent="."]
transform = Transform( 1, 0, 0, 0, 1, 0, 0, 0, 1, 1.94377, 5.05164, 3.75323 )

[editable path="pirate_captain"]
