[gd_scene load_steps=2 format=2]

[ext_resource path="res://Assets/Wizard.glb" type="PackedScene" id=1]

[node name="Spatial" type="Spatial"]

[node name="Wizard" parent="." instance=ExtResource( 1 )]

[node name="Skeleton" parent="Wizard/CharacterArmature" index="1"]
bones/4/bound_children = [ NodePath("BoneAttachment 5") ]
bones/7/bound_children = [ NodePath("BoneAttachment") ]
bones/9/bound_children = [ NodePath("BoneAttachment 2") ]
bones/17/bound_children = [ NodePath("BoneAttachment 4") ]
bones/22/bound_children = [ NodePath("BoneAttachment 3") ]

[node name="BoneAttachment" parent="Wizard/CharacterArmature/Skeleton" index="0"]
transform = Transform( 1, 6.11446e-12, -0.000550203, -6.16703e-05, 0.993699, -0.112086, 0.000546736, 0.112086, 0.993698, -0.000638377, 2.09957, 0.0809259 )

[node name="BoneAttachment 2" parent="Wizard/CharacterArmature/Skeleton" index="1"]
transform = Transform( 0.55461, 0.451438, 0.699007, 0.132646, -0.877264, 0.461317, 0.82147, -0.16313, -0.546421, 0.319536, 1.84333, 0.0430032 )

[node name="BoneAttachment 3" parent="Wizard/CharacterArmature/Skeleton" index="2"]
transform = Transform( -0.0355985, -0.0195174, -0.999176, -0.367273, -0.929589, 0.0312434, -0.929432, 0.368082, 0.0259238, -0.56951, 0.975493, 0.16498 )

[node name="BoneAttachment 4" parent="Wizard/CharacterArmature/Skeleton" index="3"]
transform = Transform( 0.489218, -0.467985, -0.735973, -0.118113, -0.871625, 0.475731, -0.864127, -0.145808, -0.481689, -0.319536, 1.84333, 0.0430032 )

[node name="BoneAttachment 5" parent="Wizard/CharacterArmature/Skeleton" index="4"]
transform = Transform( 1, 2.76827e-11, 1.05598e-06, 2.48259e-07, 0.971966, -0.235124, -1.02638e-06, 0.235125, 0.971965, -0.000638377, 1.22128, -0.0909824 )

[editable path="Wizard"]
